ID,class1,class2,class3,class4,class5,class6,class7,class8,class9
1,0.3995973943659409,0.01723039220788957,0.011644478476241556,0.4122028525741748,0.05398645317520931,0.07232481468984267,0.027993978635090108,0.0034570521809101345,0.0015625836947013604
2,0.6807314872699404,0.01895055985558913,0.00943970329605429,0.20495856082938418,0.02772825746710968,0.0325287452690032,0.01900702567515069,0.005030327631934902,0.0016253327058337558
3,0.02751133340203592,0.2527605600268265,0.006877931629354265,0.029719098935553804,0.009315729453805892,0.03003903107305623,0.6379684569479157,0.0039706765213515325,0.0018371820101003914
4,0.21057578479541264,0.20730090805107254,0.0042231606931716695,0.15274534295491649,0.009191152074897168,0.028613182333278524,0.3666010204065394,0.011826868407561787,0.008922580283149361
5,0.010873311819831203,0.0831700299776157,0.005313822530138555,0.01989004051541151,0.031088350554408894,0.006066774435053786,0.8404487026878046,0.00180958051823915,0.0013393869614968705
6,0.8728617913882442,0.009287351311647766,0.0017918951135685612,0.07450991123262368,0.00844793340864535,0.014812090319379195,0.014305201337005248,0.003206550912204373,0.000777274976681992
7,0.0143091846785449,0.17065019575151136,0.0026266984749073606,0.039421279764467784,0.012510575406834368,0.03306021974037571,0.7242144483933907,0.0018352950461374298,0.0013721027438301516
8,0.520191871166282,0.039230198495709634,0.00374209911365524,0.3051507873686385,0.02462497616672581,0.06778451544205592,0.03140523939446389,0.005534139110227764,0.002336173742241242
9,0.1978460729642582,0.004997584355658895,0.0024240548682706864,0.7570128973448261,0.01633192910734994,0.014798546215259684,0.0055041509499442545,0.0005982397999583644,0.0004865243944739825
10,0.007684846474581833,0.04386757652936332,0.05206223395752098,0.011545795478102682,0.030888152283614214,0.015251240642098669,0.8321206232514503,0.003431369494706911,0.003148161888561069
11,0.32761981399993534,0.14265745398342808,0.007761603675384491,0.19761609459911575,0.03152223557797453,0.060697346345749525,0.20910495845825341,0.01610263848737311,0.006917854872785771
12,0.014219918852705437,0.7805680908690286,0.017864708831345843,0.012041603766549466,0.0316632232799895,0.027132498690311365,0.10360712232446269,0.010860199862307289,0.002042633523300344
13,0.7063595056344324,0.013781424051924888,0.00874895454019831,0.11201273670019495,0.09802211435074139,0.04364078695828153,0.009880869796537085,0.004291800424245018,0.0032618075434442183
14,0.007913432522953135,0.14489774754891874,0.008487918938111676,0.007336837821529245,0.01961288428702455,0.02163226260898437,0.7845317663476964,0.004813043914509048,0.0007741060102731132
15,0.007310083945735368,0.5455907858879929,0.003242563520308663,0.007600899626127262,0.02591762792834688,0.05892880512318306,0.34553864426461484,0.004523734777895575,0.001346854925795979
16,0.3867065853847244,0.20416026837765297,0.014709029651290725,0.11697120837282737,0.11601535062255257,0.10335788654357536,0.03804738537865975,0.014606403650126434,0.005425882018589532
17,0.029922404748315642,0.14173182316012176,0.005634018779318901,0.012699896310352019,0.013513910360737348,0.05026889517391048,0.7429885773952417,0.0022455812394652714,0.000994892832537062
18,0.03165810784556442,0.3014595084549931,0.006935207457200235,0.07835953278957926,0.036496023349267874,0.03944734121643208,0.49932159720157226,0.004119735863464141,0.0022029458219265394
19,0.004622427708613419,0.13187202335568432,0.00496884275885447,0.005260686776807275,0.045459121614505826,0.006395353230946927,0.7973247065337986,0.0029921850043921287,0.0011046530163970796
20,0.022170341213711503,0.5292800807931474,0.008092572200508017,0.016169887086083995,0.04542676441683939,0.08093013363477367,0.2881530886259051,0.007120271830056218,0.0026568601989754134
21,0.008535217045385953,0.15521411487793843,0.008394921213078367,0.011204686255641416,0.01465930959605996,0.011119903757989017,0.785570198045268,0.0034330028603979865,0.001868646348240459
22,0.12638338834613166,0.04629897900167288,0.0054179755093225306,0.31140246684254064,0.01319419952770704,0.023160566555204713,0.17854865807621786,0.019400698379112537,0.2761930677620899
23,0.028428860034974482,0.18519474928361065,0.003970725583592955,0.047141168095322726,0.018180516530486156,0.014004916495862996,0.694570579696696,0.004637289587306577,0.0038711946921474107
24,0.015061643488232943,0.14914070071977845,0.009017849585761373,0.016223767270573158,0.028801954940104936,0.011294179776943483,0.7620068537052752,0.00610431540874146,0.0023487351045886158
25,0.6341864695441648,0.08359367444863619,0.01087275559497249,0.06368349996074149,0.01749877593579082,0.027502413900716668,0.14739116039506603,0.009761383691405511,0.005509866528505744
26,0.0056238577700818025,0.1533716462432914,0.0038895657789166246,0.0043674549588432355,0.03595180503448583,0.018271297082459798,0.7766755895602958,0.001151490253127595,0.0006972933184983535
27,0.0064821109213145595,0.2511982412484381,0.004117938015599612,0.010713648232190174,0.005774055089074271,0.0070033822339095435,0.711571325278149,0.0026355888690324336,0.0005037101122924018
28,0.08475870209602208,0.26111717190076617,0.009131973256625667,0.3201481933493348,0.0185219408635317,0.019093734786907145,0.28042041242931176,0.004552361152890617,0.0022555101646094667
29,0.24562984317738676,0.03430441415257362,0.007729760612072204,0.6382570816690426,0.03311447346159203,0.019449641284633595,0.01681287987473845,0.0032218765424334907,0.0014800292255271507
30,0.023752333344368055,0.7057522581701515,0.009539008476980602,0.03301948457762017,0.015847341129852362,0.053535378080123645,0.1494369835116404,0.008004393613956317,0.0011128190953069463
31,0.04120192161993496,0.19579847946367307,0.010981606824212845,0.020669085999374327,0.03894770958909872,0.13919253270650192,0.546026471981592,0.005100870321771048,0.002081321493840749
32,0.22862199754758916,0.07107184333190367,0.00842920480038289,0.513072751530643,0.03530592789680892,0.1003603172711193,0.03820796138812027,0.002785409578926305,0.00214458665450676
33,0.12195252002014534,0.1792348358517638,0.007324586578965088,0.25207651637345163,0.02995758232910674,0.01756709343944554,0.38423538664901224,0.005222722660518213,0.0024287560975913567
34,0.005758047879259157,0.2304142872529506,0.0031448165247357617,0.0041599238976890865,0.012047195024964628,0.022109203979171373,0.7044021950513222,0.01720267465621641,0.0007616557336910854
35,0.008664351426362508,0.8288223415199433,0.0034327045092327805,0.0030376735806321525,0.006342467530782827,0.015688729948074413,0.11629152733504042,0.01559705826262394,0.0021231458873074665
36,0.8112084861001405,0.009408700301638295,0.004145010126092021,0.12665461373327846,0.006651517104107178,0.0066423417795738295,0.026116894540064335,0.00798068669534143,0.001191749619764382
37,0.7340285107746249,0.010564207561718521,0.008421673655825286,0.09383242328912822,0.03455633575308561,0.10194514650470743,0.009604309194258292,0.004065812274495323,0.002981580992156304
38,0.05138655161509117,0.47664365643841083,0.010130541860151719,0.04512651820814539,0.042232116909550435,0.08301294821843197,0.28081279894524486,0.007517243583415463,0.003137624221558113
39,0.022853544216575906,0.13592234892496083,0.003235810815049825,0.01451872154029132,0.011969669435136778,0.01794600105674438,0.7814736029777448,0.00715652355424373,0.004923777479252308
40,0.02569571574621584,0.1370495303581193,0.007656166608023443,0.03426919071559393,0.02077308182322928,0.027654075875024917,0.7352359113899081,0.0071189353126889085,0.004547392171196432
41,0.007820695733762388,0.15880292743770213,0.009811609049806798,0.0062069585130389866,0.030593092618194873,0.016414906570339487,0.7617500976746772,0.007706279948645768,0.0008934324538313846
42,0.0033031277633375285,0.19712777901014425,0.008390020909695258,0.005488068498516473,0.029024558038294183,0.008369899731812763,0.7470184504316618,0.000774742360242978,0.0005033532562945948
43,0.4534044817494218,0.37012805201589655,0.011329406038662159,0.01408613841184512,0.047745841812936424,0.01831976634815545,0.06464387041946248,0.016351298584856608,0.00399114461876378
44,0.7250076646558721,0.01613721182448511,0.004626068610432481,0.17757431740917246,0.026285874193049417,0.022751718517197397,0.01927957982471185,0.004434406862527416,0.0039031581025519937
45,0.14914936479974863,0.014855271931314537,0.010734424592434589,0.7619858846307512,0.027050922050800192,0.019282096768119077,0.0103303453446914,0.003177181756621769,0.003434508125518679
46,0.030722355128924773,0.4379595728320881,0.0034054134432179983,0.013254336668230119,0.011005579715860445,0.058058270770444044,0.3830235019362142,0.05812792842622398,0.004443041078796685
47,0.012302682404898888,0.43878140976960023,0.007175493436114479,0.012449738259962262,0.08195672551792937,0.07706282462729554,0.36378906693648716,0.005324752266670453,0.0011573067810421664
48,0.1789457679561753,0.00768299230733922,0.004043753143059859,0.7682950970717018,0.006981517937713308,0.007729294210754607,0.023845681151559585,0.0017421274293167733,0.0007337687923797482
49,0.4101237783645949,0.017233051848010786,0.012750506985519302,0.4705664199729615,0.03668561239836933,0.030002773317421075,0.016969230883603185,0.0023748651662785594,0.003293761063241376
50,0.0048341102651655735,0.49091081115543017,0.002855803295424891,0.003260269962763402,0.028930302993941254,0.03955320602717726,0.42415313416845163,0.0044853015697078336,0.0010170605619385176
51,0.1655026484053152,0.15976206516069877,0.00771870044595365,0.2413395335793367,0.020580666373291007,0.07252642117763783,0.325533210113916,0.004747198239910704,0.0022895565039399743
52,0.7308623467514779,0.00746531837701602,0.014195784954179254,0.07653422300512132,0.14295474764611968,0.014892189503188363,0.0063133347403637845,0.004114384829466607,0.0026676701930667354
53,0.2960991140774247,0.09313972407136825,0.004105814123765419,0.17969159873598314,0.027974017197921905,0.040292115665006255,0.3467864023824696,0.007588331617147106,0.00432288212891347
54,0.010504481585765594,0.27990384023561027,0.0063221068379613644,0.00693971640682693,0.018536983684063216,0.06974963298303681,0.6031385078457114,0.0035054790480687397,0.0013992513729560684
55,0.4608975436192003,0.06744118350461736,0.004429011701988611,0.12546146133845623,0.01444299795165798,0.06971646855285037,0.25178561359933277,0.0034946223861621775,0.002331097345734721
56,0.011156301336082992,0.24234566247041628,0.002362535370986372,0.014069985096691984,0.015603644082031624,0.013308235188221464,0.6954513903960793,0.00466025402437859,0.0010419920351108795
57,0.059933510491171835,0.015363657977007198,0.042727475738754704,0.8141695885742019,0.027563135350876247,0.017884895153520302,0.015839827991176357,0.0034040154353317084,0.0031138932879598404
58,0.37557328980891636,0.09298380959926492,0.007211900852736009,0.23694975551779474,0.04401610976569245,0.1307646256065776,0.10311403060256495,0.005226334356025837,0.004160143890426533
59,0.04290853465314136,0.4673925498882687,0.026725621553217574,0.21230567772254316,0.03643249374732197,0.03769470277461415,0.16482008086142824,0.008679850673105182,0.0030404881263595934
60,0.038393299571864305,0.007696754043415183,0.009722196909360216,0.01418871577637706,0.06531605720394434,0.8560490301769319,0.004451052235037927,0.002771954424631136,0.0014109396584374126
61,0.007830893285414345,0.6791293041310233,0.00178524677360521,0.0060207495864009935,0.010241533239333864,0.13718632661370084,0.14271996774309337,0.011719781770883323,0.0033661968565452138
62,0.018951145349864126,0.14017488614147944,0.010141084829135144,0.011709595259628822,0.019175656936621627,0.030086085544225212,0.7671221677480794,0.001730842625740056,0.0009085355652256111
63,0.23950451341206797,0.14479898861252946,0.003793109130515631,0.060776251295894416,0.022969726451035115,0.04538764687727922,0.46778917004292714,0.011788023826059264,0.00319257035169158
64,0.724617953402395,0.010518759896093105,0.01643383661216174,0.17579995035141752,0.033072007415618214,0.02028459425332185,0.013598788945704784,0.003573785380728201,0.002100323742559776
65,0.03643758448148573,0.007140517927268605,0.010064573728453914,0.013558346576585287,0.06390118500287924,0.8601991266889754,0.004110631450641559,0.0030986224955929565,0.0014894116481175216
66,0.010751972352302073,0.08573427805546224,0.0069579705390847135,0.008469887254377965,0.02147485526009882,0.025651847376142695,0.8374670691699121,0.002673977136121136,0.0008181428564988173
67,0.05757317820457264,0.45012566941294024,0.006277018718066761,0.03671759685338465,0.013000709110291706,0.06952461112562405,0.36045051903391967,0.0044244316144906185,0.0019062659267096009
68,0.1344626143258724,0.5129958429247665,0.0047988043622403725,0.013899839948428933,0.011759780475666268,0.019119734833225474,0.11191253683743496,0.18393426328253196,0.007116583009833145
69,0.11811058531298267,0.13322887969293473,0.015171414030265744,0.17197888296967342,0.04714813093780264,0.018839093713825417,0.48826755620286966,0.0035035454560243266,0.0037519116836214317
70,0.0029936835273338485,0.07849944707690155,0.0033212364183543446,0.0030134439986717054,0.0067021857698355385,0.007648701474866667,0.8955248978390455,0.001593704362956516,0.0007026995320343511
71,0.5256077642993545,0.03953196445544805,0.003168059512141623,0.2309490408503572,0.017910427214902037,0.02141816984034608,0.15521171205741224,0.0026349044984162193,0.0035679572716221476
72,0.708056470574537,0.05584934065032851,0.012287871493186163,0.1046850096056385,0.05489846445663429,0.03325855811509079,0.022019692211378887,0.005439460173369152,0.0035051327198364285
73,0.032662143648855384,0.60167909866612,0.008669684186372663,0.008831774776322241,0.04742168209035703,0.04633735598076502,0.24165358949295088,0.010164224267954776,0.0025804468903026854
74,0.014624168656249947,0.1478488570130654,0.009307310186675754,0.013273275337706248,0.020222490803861425,0.019626011202051423,0.7711471101357226,0.0024861986432348666,0.0014645780214325528
75,0.7971416893937908,0.010066875864571586,0.06353521019442253,0.06617172241259171,0.01960930924051733,0.02200973047418008,0.012486054893350444,0.005809914732015883,0.0031694927945594546
76,0.011497390776782563,0.11556749234348457,0.004714264196010166,0.016506454743386422,0.010194706418787308,0.0065378958063695555,0.8319367350523194,0.0020988042536210995,0.0009462564092389893
77,0.6920446539761274,0.04173922915899988,0.01035327744899837,0.11419810794523873,0.03584439058993833,0.04801893945381849,0.04741139558856672,0.007136864172214899,0.003253141666097262
78,0.17452129026873195,0.012310808505937349,0.02180400757426505,0.7418289615527569,0.023284346056108168,0.015649208677751686,0.006625772959989491,0.0022750698917787197,0.0017005345126802265
79,0.046245678537473925,0.005321716285043853,0.029736953105016818,0.030203510008300155,0.7970260175599605,0.07896155291935274,0.006331475758930112,0.0029344738694576976,0.003238621956464195
80,0.11421852001726397,0.24436724006176383,0.0037147028775897017,0.23917661861283096,0.05657109414344797,0.19352651160292908,0.13997326454007608,0.00488800288861566,0.0035640452554829643
81,0.4295743901894765,0.08860560207677379,0.0076355290805777175,0.3812904430920282,0.019804219462140428,0.03724272452734851,0.03242502482043829,0.002410999546634864,0.0010110672045820013
82,0.07549977892174206,0.002358505629487047,0.015726105057497042,0.09240759774086994,0.7866949789572324,0.019566284848150477,0.0030438581142206143,0.00227238933905016,0.0024305013917506214
83,0.16920332613074845,0.09242438934971685,0.005215755650758367,0.18999203030171494,0.048636348333674015,0.028932727986365044,0.4574647773374565,0.0048082858687807355,0.0033223590407849635
84,0.01743077233468156,0.15198175906976896,0.010927877368163903,0.018852183094012237,0.0279909954338894,0.015543549028179839,0.7516543997691495,0.0030357101775251175,0.0025827537246296086
85,0.32012833476869323,0.03404158075885502,0.0073028476698541655,0.47142280315724533,0.01710023253493744,0.019779219330294823,0.12095798838983025,0.0059713720638057115,0.0032956213264840883
86,0.48771637629586084,0.04104128713651295,0.004456824068404133,0.38002833985695866,0.024851933583124097,0.03818852216059787,0.01923892937641632,0.003270573525553006,0.0012072139965715195
87,0.6380641825190616,0.023537178241677458,0.0027927363952887484,0.273179749877939,0.01796542556266846,0.03148656335823633,0.010573428386126066,0.0017450767355571967,0.0006556589234448884
88,0.7606373174634138,0.011263011837093627,0.008946543831764187,0.15455224997525374,0.0204821923299031,0.032995528924933834,0.00645200097102888,0.002846316380241177,0.001824838286367523
89,0.0033399673717667074,0.06649985151516917,0.007449234656109162,0.0025955121669902167,0.01656103510425206,0.00641196555522869,0.8937606007527675,0.0025843640448056557,0.0007974688329108129
90,0.02314413021225205,0.33791885009060996,0.0020470690274872016,0.007550982364014532,0.009946625805539093,0.016523591869943035,0.5901424453598818,0.007916405471633275,0.004809899798639298
91,0.4809997532144539,0.0019774349211234003,0.00651198217209757,0.4802524559947316,0.015182743889883159,0.012048798719953022,0.0020939372557681572,0.000477505548370613,0.00045538828361886904
92,0.722793447274551,0.00882110951786416,0.01314921140704027,0.06445270838773491,0.14739382511903204,0.030030671087335148,0.006865720151042089,0.0038000819074974017,0.002693225147903271
93,0.07648732211357405,0.23373868233916836,0.0033079198693799,0.05178896430523126,0.009047472594287653,0.01662383870463214,0.6062073599379886,0.0014369780942862917,0.0013614620414515886
94,0.21277151036740477,0.20155995062390322,0.005550887086057578,0.1263905719230599,0.027147781382267224,0.04463702443058407,0.371161286367825,0.0064200273344145456,0.00436096048448345
95,0.033995470208146965,0.11430153036102264,0.008950652002694424,0.028781552075694605,0.018856011089435604,0.019718928381994752,0.7697239429276892,0.0033877710468450148,0.002284141906476877
96,0.6139335070891457,0.04201161430762956,0.010990673138900961,0.14986704132479886,0.04318531908658827,0.0814177571123641,0.05258807115156078,0.0042151293236540825,0.0017908874653577913
97,0.10948563821453891,0.30192117978678507,0.014784191171467488,0.13343127698877522,0.02882484597660923,0.09822560984682915,0.29248136249898604,0.0148955839644766,0.005950311551532339
98,0.7146584800546474,0.003220196287881883,0.009148191051231712,0.20112411366749433,0.01739019615806911,0.04912191300785833,0.0032992969637940907,0.0012197927589783855,0.0008178200500447203
99,0.009600749799618264,0.1362027108868505,0.051126960720769304,0.010109311266115483,0.02117509482579046,0.010367049227094676,0.7562838892074483,0.0029803009033851262,0.0021539331629280073
100,0.020434775848621325,0.16968932778604992,0.005854062695648312,0.01129683274716041,0.024841183087821326,0.019230712475210188,0.744549842645686,0.0028453582790411137,0.0012579044347612225
101,0.48025272497817334,0.008759246024935418,0.0026602567404676422,0.45889241226337035,0.010486947952900887,0.021974820998003266,0.014607099171014177,0.0019087827938229893,0.00045770907731190947
102,0.04332769414538966,0.08752712950534997,0.012090642060532156,0.040794412006130716,0.02319117478063199,0.02558455337272982,0.7613580622875016,0.0035210465087549907,0.002605285332979567
103,0.31822691130579867,0.003818367249692807,0.0025954826052229556,0.6366112747027288,0.012666555613288975,0.020453506333576267,0.00363632380890584,0.0009813512425500802,0.001010227138235624
104,0.46515188511551986,0.34237153254390035,0.013470021107682476,0.015908987521889087,0.051053700209006285,0.021652285470499272,0.06610405916251738,0.019144500091024794,0.005143028777960789
105,0.43290153765142847,0.03737782009832291,0.004736424621351734,0.40345541943531416,0.01623727662751234,0.031553955545128916,0.06795024952439987,0.003479764854800438,0.0023075516417412033
106,0.00995760011355129,0.6094524461683429,0.0027158718206348304,0.004847182863892261,0.023513341603865822,0.07291090905957014,0.2689861745036478,0.0062817760036777805,0.0013346978628172538
107,0.20831491446322922,0.19341771194140356,0.01496325164523888,0.2249613026758602,0.10783376709638656,0.13825030086944787,0.0947922652358138,0.01304048773334749,0.004425998339272379
108,0.019005953113847965,0.1286507739840919,0.0038443522299937676,0.03798677920813511,0.007551025036295833,0.0053538997035001215,0.7923842852246896,0.0023847427691426233,0.0028381887303029324
109,0.3926009317905965,0.09433709385256867,0.00983313415537537,0.3238696044644015,0.050989015861130395,0.04243960373346032,0.07539731428995336,0.007260679843339271,0.0032726220091750784
110,0.03609874752120398,0.015988593805508163,0.012424730432436205,0.28094847222532504,0.4346382498607945,0.031992659221125,0.18064854692576235,0.003926993043929771,0.0033330069639149786
111,0.1350186931093389,0.26724889791668005,0.010899634843658641,0.13267090541151955,0.022422152463593154,0.09870291778965791,0.32307827891298996,0.005886925618136283,0.004071593934425709
112,0.23218295153556762,0.15916436104755755,0.008171603040823868,0.31261508076474204,0.06124319780013289,0.1614366341160553,0.05857306410267148,0.004246728263860117,0.002366379328588485
113,0.4536368139930944,0.033767117841362354,0.0034157343206471444,0.37182769451381226,0.04373736440886603,0.06233689975160583,0.023524113018798413,0.003886381088313501,0.0038678810634998903
114,0.6602224325482456,0.021977749375207148,0.012564789479277862,0.21749432555845774,0.028660890572190324,0.02440037520652936,0.024660789095790347,0.005008177273953023,0.005010470890348556
115,0.01355609314791256,0.16093492099399687,0.010130297014400103,0.012016685193130814,0.030581035158398134,0.027235279281418022,0.741270233970143,0.003286659530923395,0.0009887957096772675
116,0.3728762359887954,0.013388597729965993,0.011900287004884585,0.5492731290076008,0.02769222380897277,0.010025023240503228,0.013665054750510806,0.0006809066301081063,0.0004985418386584869
117,0.038084357041743955,0.3364786319957357,0.0033328987228811637,0.031675006598475296,0.013367192559090057,0.03692379504995419,0.5307397500062497,0.007571556790731465,0.0018268112351386555
118,0.5704766339015489,0.018345345694218966,0.0037254699509246627,0.33481448491378046,0.024268182407202077,0.020474995297902802,0.02307345203429185,0.0031536099394231477,0.0016678258607068256
119,0.11656559219293638,0.22046146573866612,0.005200578380928743,0.07656566543443949,0.012010824590241036,0.037105142560839105,0.4769197146616912,0.03652667497549114,0.018644341464766973
120,0.354393538272752,0.24274332157933345,0.011420774035388265,0.07061954727426488,0.01909730620914594,0.04108822799580589,0.21916539694511566,0.037513491993393155,0.003958395694800502
121,0.07710038561923127,0.07712652631526216,0.006434428711528135,0.024686217844730764,0.033168206087351264,0.7420570266971263,0.029492512164462956,0.008311356710765374,0.0016233398495417294
122,0.008771736763090095,0.3691027161757938,0.0067998793226661325,0.006106596125731324,0.03356367341256472,0.015122912085749517,0.5561739728373255,0.0031459962376749672,0.0012125170394040505
123,0.011916021248886091,0.07671646031892712,0.08222066898065032,0.011881141664771996,0.01927091334019248,0.010810090198222341,0.7778476245458541,0.005329303183454309,0.004007776519041054
124,0.2373788511204289,0.0741289480638179,0.0077578575653208075,0.23853504796741834,0.02427948656166485,0.12679082103245132,0.2855338440671688,0.003848867055299423,0.0017462765664295202
125,0.01834540876291757,0.43787938893105555,0.003680389487972851,0.026884371949488176,0.021745382797302804,0.09668398604661578,0.3844927376527414,0.008172947763198012,0.002115386608708464
126,0.021143643367016216,0.37033899986290253,0.0038183319061235866,0.01273365287254679,0.055461121783936015,0.13023898137247059,0.4008318392853689,0.0037578142626188762,0.0016756152870168238
127,0.7046382593244735,0.05088657958311294,0.007960573661198263,0.12636377242198435,0.022208268852025436,0.04232931409034938,0.03451933813058405,0.00846675783297297,0.0026271361032992745
128,0.5522946594082364,0.07248406289469697,0.01709599275282209,0.12333703867505383,0.04589119727311878,0.11843759044997519,0.06598862855385189,0.002443786320631787,0.0020270436716132143
129,0.5356126632314326,0.04591007810705687,0.006728848679502685,0.06190423790746297,0.017602247377092234,0.023989764829867553,0.04610711497379096,0.13879405866137465,0.12335098623241923
130,0.044802373442622494,0.24828121134462125,0.014234984778828804,0.02135244040826648,0.05219503610347797,0.37696792869629925,0.23280216608642798,0.00749414547542753,0.0018697136640284892
131,0.006437623581635707,0.12504139042633217,0.008821879750733586,0.045201838655024154,0.02541156015264213,0.012473485310491804,0.7730643982021506,0.002256002697163723,0.0012918212238254942
132,0.4674602550475873,0.35975183236980945,0.012867794843187275,0.013650262169275493,0.04616749419940983,0.0191022162375324,0.058761942452737095,0.017879164171704008,0.004359038508757033
133,0.007870018219685262,0.2327801181322037,0.007244958022874989,0.006152276997424437,0.02198442718137891,0.022180915279388303,0.6996207516287569,0.0014526526565673032,0.000713881881720425
134,0.7741898502966157,0.028704609884138282,0.002881384912867726,0.139996135109961,0.009399120748785513,0.010088185188064144,0.02139343486448912,0.009899500041570718,0.0034477789535081026
135,0.3182580483961013,0.10210144168606883,0.009492552172176037,0.3128133802480354,0.02982473278943337,0.041724685109869736,0.181629185710055,0.002952936238207749,0.0012030376500527637
136,0.325891664024595,0.08257478545199484,0.008094356992418722,0.25688662116984157,0.05388593739169818,0.17908984257524044,0.08706502571458664,0.004678698620944343,0.0018330680586807022
137,0.07517773078517882,0.4204459269642664,0.012067132423620997,0.03563419569860112,0.03282915517160097,0.06213963137077105,0.35539571981728446,0.004960399291931961,0.0013501084767441496
138,0.007396405491795906,0.5271342362102341,0.01727865371662487,0.005892916814364052,0.013418059810317134,0.006455592371962518,0.41899576214244594,0.0026572233003523413,0.0007711501419032273
139,0.0636420834648066,0.018261658215625948,0.04657911036007376,0.7987998681227606,0.027220011017462898,0.019213531684246554,0.018998281232003415,0.0038345469310726655,0.0034509089719478923
140,0.33462994605784185,0.12860575387262288,0.005819964582461167,0.3220724889397489,0.01348071267126217,0.056207215254070846,0.08280893243111835,0.020490626872807408,0.03588435931806653
141,0.008550938212001306,0.13763900151151143,0.01811599146303379,0.006918707606724348,0.05696083506633537,0.011159619207845195,0.7567388339071618,0.003177220961436731,0.0007388520639498272
142,0.009977541933659578,0.15901510685101045,0.002486822406049779,0.012235036738782365,0.013029215316085429,0.024530097427607093,0.7740750363022587,0.0041224484849599905,0.0005286945395862896
143,0.07814302591131166,0.1724897423148292,0.01091652737007655,0.02677472743433638,0.01820771418888743,0.030069160023731983,0.6533431788756087,0.00787036124533347,0.002185562635884442
144,0.3796106530902705,0.08278139837186951,0.00772053755025302,0.2456816652863698,0.044297543591094314,0.1324676518902478,0.097993346987693,0.005054545015133547,0.004392658217067877
145,0.27320840664717644,0.10661576059534067,0.005623883910791487,0.4738073608734606,0.026658651195538476,0.039032677075575006,0.05561191312437133,0.016077949214578315,0.0033633973631675912
146,0.010455801279847847,0.3242862523766639,0.01829066181280327,0.008833570091767348,0.02097549536482345,0.01665446174626509,0.5873533212045831,0.010967731532627019,0.0021827045906193943
147,0.13058748299479658,0.015470090456590707,0.010357423300164662,0.7811995866742414,0.022427915034934725,0.019782668858296888,0.012378348632891938,0.004202521979076222,0.0035939620690068554
148,0.35834481988598155,0.08913007418872575,0.007410330391681094,0.28344889582268257,0.022223161984311963,0.14699583892126858,0.08145993021781997,0.006850931591086804,0.004136016996441538
149,0.01204615485927182,0.2935295984033605,0.005388858662787894,0.008828552320851613,0.18635119933358674,0.022500164378169082,0.4588570687264872,0.011119109854844721,0.001379293460640093
150,0.5870728042902416,0.013235878940179293,0.005050514931510592,0.27876667044623893,0.03361855421871568,0.06718525250076518,0.009275708077288669,0.003955499031974205,0.0018391175630861915
151,0.022620437926532736,0.5141236159276226,0.0090152814999551,0.019614164012887392,0.13992973275035012,0.04963081752730289,0.22328308900810762,0.018849920754076592,0.0029329405931650767
152,0.04863836114540543,0.0062642540156932465,0.028415093169753543,0.028790913973332152,0.7939694106441187,0.07923570700220982,0.0076174327326515145,0.003644556435924984,0.0034242708809107056
153,0.007885818668840056,0.8312371518086862,0.004388197659068783,0.008862254952929567,0.012409353607028838,0.025320092079391825,0.10274093690223944,0.005736330859585572,0.001419863462229422
154,0.19612924613535396,0.011635556482943756,0.02082789977215956,0.7032109478884355,0.03466199806457384,0.020880351218470025,0.009796952058979205,0.0013520632040892914,0.0015049851749947122
155,0.01615584706913257,0.3137160172771351,0.005928714660345003,0.020071624391714317,0.011492491993178693,0.038971092105709475,0.5883670144856551,0.0044238033371148434,0.0008733946800145554
156,0.019720730568965818,0.541735760471463,0.006796517891999877,0.008545680411397263,0.04037645521307215,0.08592370477801829,0.28713160258045084,0.007632503930461002,0.002137044154171429
157,0.1430986080599342,0.16505690939727338,0.011024011910133268,0.16914399285983914,0.030368336281585452,0.1418809872563272,0.3273052587300268,0.01083248664446974,0.0012894088604105756
158,0.01247619452457842,0.3966338216102456,0.004522079459668314,0.008044554048663303,0.007777779984075793,0.008630488232229894,0.5589499764961924,0.0023656262070003136,0.0005994794373464402
159,0.019728838792152252,0.14326242584545854,0.00812642733098028,0.012325597173085087,0.01678080772562582,0.03881836093692884,0.7562619937680155,0.00322537560161409,0.0014701728261392228
160,0.7137333134479872,0.02511315867870825,0.003432920190262667,0.19540488600289196,0.02052922716461849,0.017568791991633668,0.016527067119169597,0.004704400297739539,0.0029862351069893022
161,0.414871640862613,0.3853111318883565,0.014165481163735295,0.013925896780862231,0.05302967383308699,0.02173547949874192,0.0745324303887441,0.017895715292180637,0.00453255029167935
162,0.15482822557148168,0.19771643680901932,0.006224757181753654,0.10622101816777801,0.01244216451068286,0.1148255856135804,0.39925501182624695,0.006489238275950061,0.001997562043507536
163,0.5728044490540073,0.06830934750754428,0.0074738669589627885,0.20735776897028554,0.0372140628227817,0.04143423494320086,0.024175586077934505,0.03196716605339057,0.009263517611892758
164,0.7040123634777276,0.04010933967717003,0.0087808507056984,0.1258052589214466,0.020807513816213173,0.03042293814313843,0.033606223681890486,0.021501887574275905,0.014953624002439308
165,0.44842597878813917,0.3692790830164568,0.013825869852948671,0.01356897837756405,0.04605767363243813,0.020244595213194657,0.0677532236727984,0.01682701532634771,0.00401758212011242
166,0.26189213904175035,0.3971118453391641,0.00776364425601521,0.138943384046976,0.02110013255620588,0.07668308528595817,0.08995099635209981,0.00443458722526196,0.002120185896568058
167,0.00665149681089085,0.15202722232288385,0.004370070410122454,0.0029974799340916334,0.012342940742641967,0.03082101528559451,0.7865549659688225,0.0025579129799020895,0.0016768955450511057
168,0.0789792080557564,0.2933901322300823,0.0050091878803141055,0.06730777118444424,0.02430379520885361,0.03733497229029888,0.4790047885055329,0.013003804332447508,0.0016663403122700576
169,0.8475762472555716,0.0033710923449292445,0.00232142885783485,0.11268068231417089,0.015535000349158829,0.012062889029823488,0.003167204772106931,0.002069416960137377,0.0012160381162667096
170,0.2249454967169903,0.08419963445990353,0.003371664595270018,0.513152225799672,0.01939149463259289,0.08175339259205473,0.06851779856158662,0.002883402968403463,0.001784889673526632
171,0.015772074491947684,0.4046125816262149,0.0025180800434697038,0.02932798450992508,0.006345064158506696,0.045378822691642166,0.4902906599500768,0.004318990120328334,0.0014357424078889046
172,0.25997646780941247,0.06355026183293841,0.008377593591781501,0.5469764460976282,0.022335655666140937,0.039887436195868625,0.04173782843100338,0.014188573138810487,0.0029697372364157456
173,0.7392416967788454,0.01883355857050145,0.007714798563329537,0.15752880729959945,0.03135164529442058,0.022195279912673574,0.020050624662622526,0.0020554499658038228,0.0010281389522031894
174,0.5814652306008606,0.0032663440744434345,0.0076568752473185646,0.24007852446173,0.12676965265422618,0.03523668392836984,0.0020386500495378178,0.0021863839393229017,0.0013016550441905
175,0.005481048789453721,0.12055808286692879,0.007384421648423835,0.010452171757489467,0.04235474946546722,0.011555020421371728,0.7993955383483894,0.0021468081675337512,0.0006721585349426652
176,0.05452732236893271,0.026352594417132405,0.015574595660120158,0.022330670708133823,0.7964708949385683,0.02450046889002042,0.050639004251055476,0.005349062051280472,0.004255386714756067
177,0.4902318617577927,0.020916360562706668,0.003840253381224036,0.396912129617079,0.03528857412933802,0.029601855889791775,0.01920651358769662,0.002539096432936718,0.0014633546414343007
178,0.47140687136543646,0.006964113345228811,0.008473140753701085,0.4354548083171596,0.04056747294919375,0.02550566701026605,0.006329097598325911,0.0035297533363825616,0.0017690753243059995
179,0.006759512646206594,0.14816148003888785,0.007841932562398159,0.006703621817190602,0.021566056049461404,0.021637099658269765,0.7832110326741324,0.0033476429873573904,0.0007716215660959327
180,0.006933257413068952,0.3640790389562791,0.0035720588705512144,0.0039020092033309364,0.00809224572909961,0.01388313297635863,0.5908705375422769,0.0076443520066814515,0.0010233673023529498
181,0.06736714119379059,0.4283784375851155,0.00825744357821431,0.04361500862858464,0.016758181416269596,0.028462054448432344,0.38740533165644203,0.016070669349634796,0.0036857321435161024
182,0.013495531799225774,0.14371746020411658,0.0155863069012748,0.02428810986048161,0.01978711530116472,0.015466160744968893,0.7627802919409759,0.0034492550202608542,0.0014297682275309217
183,0.022740132047762,0.47036250418975306,0.004469600449371916,0.005690898772244875,0.020448067532370485,0.058764699077949345,0.41490677277280547,0.0022317185664544026,0.0003856065912886171
184,0.4109958170474444,0.004707421283009669,0.0031143160237526433,0.5004520821034582,0.01216299118582401,0.0630393928935777,0.0017991654692846193,0.0017103012642939665,0.002018512729354743
185,0.4987228273148813,0.0384351429349951,0.005495288785956169,0.28591173688351057,0.025347553023930824,0.03689472717324986,0.10436345570361436,0.003802575555516977,0.0010266926243447756
186,0.13528647083020906,0.014605348197164506,0.010485381784696416,0.7808835504085924,0.021745890218546435,0.018176318838130333,0.011689634165551315,0.003739900046908705,0.0033875055102005635
187,0.008025907337496623,0.5268149259705672,0.006189853325728743,0.0038968743002146134,0.04604341316813499,0.030245053614737654,0.3701155609794516,0.007490717760736297,0.0011776935429323129
188,0.02722093648588391,0.09773727411567644,0.004886789898168466,0.017599427504557914,0.009853428281523607,0.010689693427120167,0.8261004866526925,0.004387624191903441,0.0015243394424734086
189,0.019154204270620485,0.15336969101018655,0.01666554601266504,0.04254337412185018,0.027451941457314402,0.03364255748556218,0.7021899668264636,0.003534424565526838,0.001448294249810362
190,0.007781185334662177,0.423340345118534,0.001790051983939376,0.0027974788480891032,0.014984486329967898,0.07753236358039291,0.4689770392235906,0.002396745654333357,0.0004003039264909666
191,0.017807879526301074,0.14872713058459577,0.006311031333067086,0.020808417008181906,0.011588845531533377,0.02318724451513058,0.7658733232370003,0.00391687310772793,0.0017792551564615807
192,0.025551938105351106,0.2740997742026535,0.006734064914445546,0.041960209954577214,0.028143844182556846,0.04092429991285027,0.5787662193474767,0.0029963003240565,0.0008233490560324402
193,0.20639270823948777,0.04843819021432025,0.004111954701175193,0.5032201929549392,0.03409314117295908,0.030489008201077174,0.16552223867693072,0.005341388294174496,0.0023911775449359466
194,0.4059403633882459,0.008507737699906492,0.013947239576110992,0.08648339424033226,0.4446096528344719,0.027925433997962334,0.006991503318354015,0.0034888924359454585,0.0021057825086706512
195,0.11625531470163851,0.15051369988533095,0.011577922939881866,0.039617636984489335,0.1180549456131972,0.05089018222713371,0.5024088712468822,0.007014160399982627,0.00366726600146352
196,0.05650271537747529,0.01810450389241281,0.04343451289672303,0.8080868023374795,0.02898232082254216,0.0187077988729468,0.01895467118256906,0.00393049745644943,0.0032961771614024708
197,0.7240916440625453,0.016307001009493376,0.009764116180412086,0.15443144168536443,0.03723083796187284,0.03539818136699889,0.017870391174564,0.0035756734097754077,0.0013307131489732908
198,0.03458954973657399,0.04993822855363388,0.0075058804086682775,0.009880906978097086,0.020834854531210565,0.865548617305834,0.005573244484318993,0.003758781745375821,0.0023699362562870064
199,0.17740796839783765,0.05521821493283454,0.009573380656681292,0.20076468645009646,0.025681667874593295,0.016610573765494668,0.5097397974784388,0.0036105467432381976,0.0013931637007855865
200,0.45341933381103783,0.12731452920649758,0.006461572518339456,0.15948851385742877,0.03310261142554557,0.15126847714482228,0.06282687746643337,0.003732978411220472,0.002385106158674156
201,0.4179043532113287,0.35986234867377687,0.01637871498949294,0.01620195492820958,0.06064532364344796,0.021325362488354385,0.0854629198587228,0.017978957323181496,0.004240064883485099
202,0.6342054160680467,0.010657701001180298,0.007916253250723116,0.04502377373240948,0.06104223359811229,0.22062524674935996,0.007417636008048968,0.0070795382058552285,0.006032201386264091
203,0.0220372545387904,0.4109749381336556,0.003482097622702009,0.03922801256600338,0.014408537000329397,0.036462329073046126,0.46624721913149686,0.005495008855863403,0.001664603078112896
204,0.01259070848114107,0.4259069384855849,0.002297218695915415,0.010582807299637167,0.022096564227666,0.02624371168920367,0.49574336424537213,0.0031977746047529647,0.001340912270726864
205,0.2579270109749343,0.006024230523458443,0.014267624815559815,0.08879756532782634,0.5985983677985235,0.027287605338293636,0.004409762973328683,0.001437123829410421,0.0012507084186644895
206,0.5815832872238703,0.05431852304488736,0.011699496874008557,0.21376065978973482,0.02331773553699727,0.04328357379123389,0.0686514108735112,0.002375797072999431,0.0010095157927569626
207,0.3197379670703959,0.18798491935189784,0.01846797830540889,0.14594078827843468,0.11432171993723922,0.14995646811934477,0.05085468263412896,0.00865177882403067,0.004083697479118676
208,0.019937837983761142,0.2895632750019808,0.006235329456116749,0.010556993679883891,0.06536775037683293,0.007116729504880195,0.5900109461455136,0.00901735521742947,0.00219378263360111
209,0.21334349195971508,0.01147226343690743,0.018664745948763252,0.30541049696811096,0.36482552236542526,0.06717709347594952,0.01114911171138678,0.005407879171862379,0.0025493949618788053
210,0.272226674589942,0.06540516999333229,0.019709248986010536,0.25636849327302247,0.07779385437265171,0.06818088630688882,0.23433843303443144,0.0036686309018097983,0.002308608541910592
211,0.010606526889334611,0.1451177576261297,0.012696092763122259,0.017400034971407994,0.028645270090850383,0.02738983130240093,0.7539753750063938,0.0025769757422900953,0.0015921356080703074
212,0.13158240630933246,0.011722301980893883,0.009118539893735516,0.7811139807912824,0.030314807449294046,0.018672088402586582,0.011268562072032457,0.003214290586794611,0.002993022514048036
